0.0145620900047	0.177007872331	0.0	0.0

order	e	e_dot	theta	theta_dot
1	18.5	-0.08218	0.0	0.0
2	19.1	-0.00369	0.0	0.0
3	18.5	0.01012	0.0	0.0
4	18.5	0.0	0.0	0.0
5	20.1	-0.00992	0.0	0.0
6	20.1	0.0	0.0	0.0
7	17.6	0.01544	0.0	0.0
8	16.3	0.00806	0.0	0.0
9	17.4	-0.00678	0.0	0.0
10	17.2	0.00124	0.0	0.0
11	17.4	-0.00124	0.0	0.0
12	17.4	0.0	0.0	0.0
13	17.4	0.0	0.0	0.0
14	17.4	0.0	0.0	0.0
15	17.8	-0.00248	0.0	0.0
16	18.0	-0.00124	0.0	0.0
17	17.7	0.00185	0.0	0.0
18	17.2	0.00311	0.0	0.0
19	18.0	-0.00494	0.0	0.0
20	19.1	-0.00679	0.0	0.0
21	17.4	0.01055	0.0	0.0
22	16.5	0.00556	0.0	0.0
23	18.0	-0.1161	0.0	0.0
24	18.0	0.0	0.0	0.0
25	17.7	0.00186	0.0	0.0
26	17.5	0.00123	0.0	0.0
27	18.6	-0.0068	0.0	0.0
28	19.3	-0.00434	0.0	0.0
29	19.3	0.0	0.0	0.0
30	19.8	-0.00309	0.0	0.0
31	19.0	0.00495	0.0	0.0
32	19.2	-0.00124	0.0	0.0
33	17.5	0.21366	0.0	0.0
34	16.9	0.0019	0.0	0.0
35	17.5	-0.00373	0.0	0.0
36	17.6	-0.00062	0.0	0.0
37	18.8	-0.0074	0.0	0.0
38	19.3	-0.00311	0.0	0.0
39	17.4	0.01172	0.0	0.0
40	16.6	0.00493	0.0	0.0
41	17.5	-0.0056	0.0	0.0
42	17.4	0.00062	0.0	0.0
43	17.5	-0.00756	0.0	0.0
44	17.9	-0.00129	0.0	0.0
45	18.4	-0.00309	0.0	0.0
46	18.7	-0.00185	0.0	0.0
47	17.7	0.00616	0.0	0.0
48	17.3	0.00249	0.0	0.0
49	18.6	-0.00801	0.0	0.0
50	18.8	-0.00123	0.0	0.0
51	17.2	0.00995	0.0	0.0
52	17.2	0.0	0.0	0.0
53	17.2	0.0	0.0	0.0
54	17.9	-0.00225	0.0	0.0
55	17.5	0.00246	0.0	0.0
56	17.5	0.0	0.0	0.0
57	18.1	-0.0037	0.0	0.0
58	17.8	0.00186	0.0	0.0
59	18.1	-0.00186	0.0	0.0
60	18.1	0.0	0.0	0.0
61	17.6	0.00311	0.0	0.0
62	18.5	-0.00555	0.0	0.0
63	18.8	-0.03525	0.0	0.0
64	18.5	0.00095	0.0	0.0
65	18.7	-0.00124	0.0	0.0
66	18.9	-0.00123	0.0	0.0
67	18.9	0.0	0.0	0.0
68	18.9	0.0	0.0	0.0
69	18.0	0.00548	0.0	0.0
70	16.9	0.00689	0.0	0.0
71	17.6	-0.00435	0.0	0.0
72	17.9	-0.00185	0.0	0.0
73	17.3	0.07428	0.0	0.0
74	16.7	0.0019	0.0	0.0
75	18.6	-0.01175	0.0	0.0
76	19.5	-0.00555	0.0	0.0
77	18.0	0.00926	0.0	0.0
78	17.2	0.00497	0.0	0.0
79	17.3	-0.00062	0.0	0.0
80	18.0	-0.00432	0.0	0.0
81	18.3	-0.00187	0.0	0.0
82	18.1	0.00123	0.0	0.0
83	17.9	0.02631	0.0	0.0
84	18.1	-0.00063	0.0	0.0
85	18.5	-0.00247	0.0	0.0
86	18.9	-0.00247	0.0	0.0
87	19.8	-0.00556	0.0	0.0
88	19.1	0.00433	0.0	0.0
89	17.4	0.01052	0.0	0.0
90	17.3	0.00062	0.0	0.0
91	17.8	-0.00311	0.0	0.0
92	17.3	0.00307	0.0	0.0
93	17.6	-0.02521	0.0	0.0
94	18.4	-0.00258	0.0	0.0
95	18.7	-0.00185	0.0	0.0
96	19.0	-0.00185	0.0	0.0
97	19.0	0.0	0.0	0.0
98	18.1	0.0056	0.0	0.0
99	18.8	-0.00433	0.0	0.0
100	20.0	-0.00739	0.0	0.0
101	19.1	0.0056	0.0	0.0

102	18.7	0.00247	0.0	0.0
103	18.8	-0.02084	0.0	0.0
104	18.7	0.00031	0.0	0.0
105	19.5	-0.00494	0.0	0.0
106	19.6	-0.00062	0.0	0.0
107	19.1	0.00309	0.0	0.0
108	19.1	0.0	0.0	0.0
109	18.3	0.00493	0.0	0.0
110	17.7	0.00371	0.0	0.0
111	18.2	-0.0031	0.0	0.0
112	18.7	-0.00308	0.0	0.0
113	19.3	-0.07565	0.0	0.0
114	19.2	0.00032	0.0	0.0
115	18.5	0.00432	0.0	0.0
116	18.5	0.0	0.0	0.0
117	18.8	-0.00186	0.0	0.0
118	18.7	0.00062	0.0	0.0
119	19.3	-0.00371	0.0	0.0
120	19.8	-0.00308	0.0	0.0
121	17.6	0.01369	0.0	0.0
122	16.6	0.00618	0.0	0.0
123	19.3	-0.28016	0.0	0.0
124	20.1	-0.00255	0.0	0.0
125	18.2	0.01173	0.0	0.0
126	17.6	0.0037	0.0	0.0
127	18.6	-0.0062	0.0	0.0
128	19.1	-0.00309	0.0	0.0
129	18.7	0.00247	0.0	0.0
130	18.5	0.00124	0.0	0.0
131	19.8	-0.00808	0.0	0.0
132	20.3	-0.00308	0.0	0.0
133	19.4	0.11025	0.0	0.0
134	18.8	0.00191	0.0	0.0
135	17.7	0.00679	0.0	0.0
136	16.4	0.00802	0.0	0.0
137	16.7	-0.00186	0.0	0.0
138	17.1	-0.00247	0.0	0.0
139	13.4	0.02284	0.0	0.0
140	11.2	0.01358	0.0	0.0
141	11.5	-0.00186	0.0	0.0
142	10.3	0.0074	0.0	0.0
143	11.4	-0.19095	0.0	0.0
144	10.4	0.00316	0.0	0.0
145	7.7	0.01666	0.0	0.0
146	7.0	0.00433	0.0	0.0
147	6.3	0.00434	0.0	0.0
148	5.0	0.00803	0.0	0.0
149	4.1	0.00555	0.0	0.0
150	4.5	-0.00247	0.0	0.0
151	5.0	-0.00311	0.0	0.0
152	5.0	0.0	0.0	0.0
153	5.5	-0.04504	0.0	0.0
154	5.3	0.00064	0.0	0.0
155	4.4	0.00555	0.0	0.0
156	4.4	0.0	0.0	0.0
157	2.4	0.0124	0.0	0.0
158	1.9	0.0031	0.0	0.0
159	5.0	-0.01913	0.0	0.0
160	6.1	-0.00679	0.0	0.0
161	5.0	0.00682	0.0	0.0
162	5.0	0.0	0.0	0.0
163	5.1	-0.01041	0.0	0.0
164	4.2	0.00287	0.0	0.0
165	11.4	-0.04168	0.0	0.0
166	11.4	0.0	0.0	0.0
167	2.4	0.05592	0.0	0.0
168	1.5	0.00555	0.0	0.0
169	-0.8	0.01421	0.0	0.0
170	-2.3	0.00926	0.0	0.0
171	-0.6	-0.03755	0.0	0.0
172	-0.6	0.0	0.0	0.0
173	0.3	-0.02054	0.0	0.0
174	-0.6	0.00763	0.0	0.0
175	0.2	-0.00494	0.0	0.0
176	1.2	-0.08112	0.0	0.0
177	1.2	0.0	0.0	0.0
178	0.2	0.00619	0.0	0.0
179	-0.9	0.0068	0.0	0.0
180	-1.5	0.00372	0.0	0.0
181	-1.5	0.0	0.0	0.0
182	-1.4	-0.00062	0.0	0.0
183	-3.7	0.01429	0.0	0.0
184	-4.7	0.00617	0.0	0.0
185	-0.2	-0.02779	0.0	0.0
186	1.6	-0.34827	0.0	0.0
187	-0.8	0.00754	0.0	0.0
188	-2.1	0.00802	0.0	0.0
189	-4.0	0.01168	0.0	0.0
190	-4.2	0.00125	0.0	0.0
191	-3.0	-0.00741	0.0	0.0
192	-3.2	0.00123	0.0	0.0
193	-2.1	-0.00683	0.0	0.0
194	-1.2	-0.00555	0.0	0.0
195	-0.1	-0.0068	0.0	0.0
196	0.7	-0.11029	0.0	0.0
197	-0.9	0.00507	0.0	0.0
198	-2.2	0.00802	0.0	0.0
199	-2.2	0.0	0.0	0.0
200	-2.1	-0.00062	0.0	0.0
201	-2.0	-0.00062	0.0	0.0
202	-1.9	-0.00062	0.0	0.0
203	-1.8	-0.00062	0.0	0.0
204	-1.6	-0.00123	0.0	0.0
205	-2.6	0.00617	0.0	0.0
206	-2.8	0.0211	0.0	0.0
207	-1.6	-0.00382	0.0	0.0
208	-1.3	-0.00186	0.0	0.0
209	-3.5	0.01365	0.0	0.0
210	-4.5	0.00618	0.0	0.0
211	-0.4	-0.02368	0.0	0.0
212	-0.4	0.0	0.0	0.0
213	-1.3	0.00562	0.0	0.0
214	-1.3	0.0	0.0	0.0
215	-1.3	0.0	0.0	0.0
216	-1.3	0.0	0.0	0.0
217	-1.3	0.0	0.0	0.0
218	-3.5	0.01263	0.0	0.0
219	-3.5	0.0	0.0	0.0
220	-3.8	0.00185	0.0	0.0
221	-6.1	0.01429	0.0	0.0
222	-6.1	0.0	0.0	0.0
223	-7.9	0.00549	0.0	0.0
224	-6.1	-0.0093	0.0	0.0
225	-6.1	0.0	0.0	0.0
226	-10.9	0.02963	0.0	0.0
227	-7.4	-0.0216	0.0	0.0
228	-10.0	0.01613	0.0	0.0
229	-17.0	0.04052	0.0	0.0
230	-10.0	-0.03584	0.0	0.0
231	-10.0	0.0	0.0	0.0
232	-10.0	0.0	0.0	0.0
233	-10.0	0.0	0.0	0.0
234	-10.0	0.0	0.0	0.0
235	-10.0	0.0	0.0	0.0
236	-10.0	0.0	0.0	0.0
237	-10.0	0.0	0.0	0.0
238	15.7	-0.15881	0.0	0.0
239	20.7	-0.01543	0.0	0.0
240	24.6	-0.0224	0.0	0.0
241	20.7	0.02617	0.0	0.0
242	-10.2	0.69918	0.0	0.0
243	20.7	-0.19154	0.0	0.0
244	20.7	0.0	0.0	0.0
245	20.7	0.0	0.0	0.0
246	20.7	0.0	0.0	0.0
247	20.7	0.0	0.0	0.0
248	20.7	0.0	0.0	0.0
249	20.7	0.0	0.0	0.0
250	-1.9	1.87646	0.0	0.0
251	-2.7	0.00225	0.0	0.0
252	-2.7	0.0	0.0	0.0
253	-1.2	-0.00929	0.0	0.0
254	-1.6	0.0025	0.0	0.0
255	-1.6	0.0	0.0	0.0
256	-1.7	0.00062	0.0	0.0
257	-1.8	0.00061	0.0	0.0
258	-1.8	0.0	0.0	0.0
259	-1.8	0.0	0.0	0.0
260	-1.6	-0.00124	0.0	0.0
261	-2.6	0.00621	0.0	0.0
262	-2.2	-0.00231	0.0	0.0
263	-2.2	0.0	0.0	0.0
264	-1.5	-0.1084	0.0	0.0
265	-1.2	-0.00095	0.0	0.0
266	-3.1	0.01099	0.0	0.0
267	-3.1	0.0	0.0	0.0
268	-3.1	0.0	0.0	0.0
269	-3.1	0.0	0.0	0.0
270	-3.1	0.0	0.0	0.0
271	-3.1	0.0	0.0	0.0
272	-3.1	0.0	0.0	0.0
273	-3.1	0.0	0.0	0.0
274	-3.1	0.0	0.0	0.0
275	-3.1	0.0	0.0	0.0
276	-3.1	0.0	0.0	0.0
277	-12.5	0.05792	0.0	0.0
278	-2.9	-0.05974	0.0	0.0
279	-2.0	-0.00556	0.0	0.0
280	-1.4	-0.0037	0.0	0.0
281	-1.5	0.00062	0.0	0.0
282	-1.6	0.00062	0.0	0.0
283	-1.8	0.00123	0.0	0.0
284	-3.5	0.19239	0.0	0.0
285	-4.0	0.00159	0.0	0.0
286	-3.2	-0.00493	0.0	0.0
287	-3.4	0.00124	0.0	0.0
288	-1.7	-0.01056	0.0	0.0
289	-0.9	-0.00494	0.0	0.0
290	-1.1	0.00123	0.0	0.0
291	-0.9	-0.00125	0.0	0.0
292	-3.0	0.01295	0.0	0.0
293	-3.0	0.0	0.0	0.0
294	-1.6	-0.14616	0.0	0.0
295	-1.1	-0.0016	0.0	0.0
296	-1.5	0.00247	0.0	0.0
297	-1.2	-0.00185	0.0	0.0
298	-3.4	0.01366	0.0	0.0
299	-4.5	0.00677	0.0	0.0
300	-3.6	-0.00557	0.0	0.0
