2447 -3137
2436 -3138
2426 -3137
2436 -3145
2442 -3146
2435 -3141
2434 -3141
2437 -3133
2440 -3127
2439 -3132
2437 -3137
2427 -3143
2427 -3142
2443 -3135
2443 -3135
2436 -3138
2441 -3137
2440 -3143
2437 -3148
2430 -3126
2426 -3116
2437 -3143
2447 -3151
2445 -3132
2442 -3126
2437 -3136
2442 -3141
2447 -3137
2462 -3135
2496 -3148
2538 -3153
2590 -3144
2637 -3138
2687 -3127
2747 -3114
2805 -3117
2858 -3121
2911 -3084
2963 -3062
3023 -3065
3085 -3053
3146 -3064
3210 -3054
3262 -3027
3316 -3020
3380 -3013
3434 -3000
3473 -2991
3469 -2995
3444 -3000
3434 -3000
3445 -3005
3456 -3003
3453 -2994
3453 -2994
3453 -2974
3444 -2969
3451 -3000
3451 -3011
3456 -3000
3472 -3000
3481 -3001
3504 -2992
3535 -3064
3535 -3064
3570 -2974
3638 -2965
3717 -2942
3756 -2927
3762 -2944
3762 -2944
3752 -2953
3762 -2944
3775 -2952
3816 -2962
3846 -2962
3889 -2952
3952 -2941
4008 -2935
4064 -2935
4125 -2936
4161 -2913
4152 -2903
4133 -2948
4146 -2966
4156 -2942
4151 -2929
4148 -2910
4149 -2908
4146 -2920
4145 -2918
4151 -2929
4149 -2938
4139 -2949
4136 -2957
4149 -2941
4157 -2928
4153 -2928
4151 -2929
4148 -2930
4147 -2931
4151 -2932
4150 -2934
4151 -2924
4149 -2922
4147 -2934
4147 -2937
4148 -2915
4148 -2905
4140 -2946
4140 -2946
4147 -2937
4147 -2937
4147 -2937
4147 -2937
4147 -2937
4149 -2915
4149 -2915
4147 -2912
4156 -2889
4156 -2889
4165 -2871
4156 -2889
4156 -2889
4208 -2841
4184 -2876
4191 -2850
4234 -2780
4191 -2850
4191 -2850
4191 -2850
4191 -2850
4191 -2850
4191 -2850
4191 -2850
4191 -2850
4092 -3107
4077 -3157
4067 -3196
4077 -3157
4210 -2848
4077 -3157
4077 -3157
4077 -3157
4077 -3157
4077 -3157
4077 -3157
4077 -3157
4140 -2931
4139 -2923
4139 -2923
4128 -2938
4154 -2934
4154 -2934
4144 -2933
4144 -2932
4149 -2932
4149 -2932
4143 -2934
4147 -2924
4151 -2928
4151 -2928
4145 -2935
4144 -2938
4146 -2919
4146 -2919
4146 -2919
4146 -2919
4146 -2919
4146 -2919
4146 -2919
4146 -2919
4146 -2919
4146 -2919
4146 -2919
4150 -2825
4151 -2921
4153 -2930
4152 -2936
4147 -2935
4148 -2934
4150 -2932
4148 -2915
4148 -2910
4152 -2918
4152 -2916
4150 -2933
4149 -2941
4147 -2939
4144 -2941
4152 -2920
4152 -2920
4146 -2934
4147 -2939
4148 -2935
4146 -2938
4157 -2916
4162 -2905
4152 -2914
